5DigitDestination
01020
01027
01030
01056
01085
01089
01095
01104
01106
01118
01119
01420
01453
01460
01501
01571
01581
01603
01701
01720
01721
01746
01749
01754
01760
01772
01776
01778
01801
01810
01821
01824
01826
01830
01832
01835
01843
01844
01845
01852
01854
01864
01876
01880
01886
01887
01890
01904
01906
01907
01913
01915
01921
01923
01930
01938
01940
01945
01949
01960
01970
02021
02026
02032
02038
02045
02048
02052
02056
02067
02115
02116
02118
02120
02121
02124
02125
02127
02128
02129
02131
02135
02138
02139
02140
02143
02144
02148
02149
02151
02152
02155
02169
02170
02176
02180
02184
02186
02191
02210
02215
02301
02302
02339
02356
02359
02360
02375
02379
02421
02445
02446
02451
02458
02467
02468
02472
02474
02476
02478
02482
02492
02494
02703
02720
02724
02726
02740
02746
02760
02767
02771
02780
02806
02809
02816
02818
02827
02840
02860
02865
02871
02885
02886
02893
02895
02903
02904
02905
02906
02908
02917
02919
06002
06010
06032
06037
06040
06067
06074
06105
06107
06110
06117
06340
06360
06382
06385
06812
07002
07003
07004
07005
07006
07009
07010
07013
07016
07026
07030
07036
07039
07040
07042
07046
07047
07052
07059
07060
07065
07067
07076
07078
07081
07083
07087
07090
07093
07095
07104
07106
07107
07201
07202
07206
07302
07304
07305
07306
07307
07407
07410
07417
07419
07430
07432
07436
07444
07450
07452
07458
07462
07463
07470
07480
07481
07501
07502
07506
07524
07601
07604
07620
07626
07628
07631
07641
07645
07646
07660
07661
07663
07666
07675
07676
07677
07702
07704
07712
07719
07722
07724
07726
07728
07730
07731
07735
07738
07739
07746
07747
07748
07750
07753
07756
07757
07758
07762
07764
07801
07828
07836
07838
07840
07843
07850
07853
07866
07869
07901
07920
07921
07922
07924
07928
07932
07936
07946
07950
07960
07974
07981
08003
08004
08005
08009
08012
08015
08016
08022
08027
08033
08034
08037
08043
08046
08048
08052
08053
08054
08055
08060
08062
08071
08075
08077
08078
08080
08090
08093
08096
08108
08205
08215
08234
08326
08332
08360
08361
08502
08505
08514
08525
08527
08534
08535
08540
08542
08550
08551
08558
08559
08560
08638
08648
08690
08701
08721
08723
08724
08730
08731
08736
08753
08755
08757
08759
08807
08816
08817
08822
08823
08831
08840
08844
08846
08850
08852
08854
08857
08859
08863
08873
08876
08879
08882
08901
10001
10002
10003
10004
10005
10006
10007
10009
10010
10011
10012
10013
10014
10016
10018
10019
10021
10022
10023
10024
10025
10026
10027
10028
10029
10030
10031
10034
10035
10036
10038
10039
10044
10065
10075
10128
10280
10282
10302
10303
10314
10452
10455
10460
10461
10462
10463
10465
10466
10467
10468
10469
10470
10472
10475
10509
10510
10512
10514
10520
10536
10538
10553
10562
10566
10567
10579
10589
10591
10594
10598
10704
10708
10709
10710
10801
10803
10901
10940
10952
10956
10960
10977
11001
11004
11010
11020
11023
11030
11040
11050
11101
11102
11103
11104
11105
11106
11109
11201
11203
11204
11205
11206
11207
11208
11209
11210
11211
11212
11213
11214
11215
11216
11217
11218
11220
11221
11222
11225
11226
11228
11229
11230
11231
11232
11233
11234
11235
11236
11238
11249
11354
11357
11358
11360
11363
11364
11368
11372
11374
11375
11377
11378
11385
11411
11418
11420
11422
11423
11426
11433
11434
11435
11436
11510
11520
11530
11542
11545
11552
11553
11554
11557
11561
11563
11566
11570
11572
11576
11580
11590
11598
11692
11697
11702
11703
11704
11705
11706
11709
11710
11715
11717
11719
11720
11722
11725
11730
11731
11732
11733
11735
11740
11741
11743
11746
11747
11751
11752
11753
11754
11755
11757
11758
11762
11766
11767
11768
11772
11777
11780
11782
11783
11784
11787
11788
11789
11790
11791
11793
11797
11803
11949
11961
11980
12401
12508
12528
12538
12549
12550
12553
12561
12563
12580
12589
12590
12601
12603
12701
15001
15009
15010
15017
15038
15045
15057
15068
15090
15101
15102
15116
15120
15131
15143
15146
15147
15201
15203
15206
15207
15213
15214
15216
15218
15227
15232
15234
15236
15237
15238
15239
15317
15401
15425
15601
15626
15636
15644
15650
15668
15679
16001
16037
16046
16201
17011
17042
17050
17055
17057
17067
17078
17111
17112
17327
17356
17402
17408
17512
17566
17601
17602
17603
18017
18018
18040
18049
18052
18062
18064
18088
18101
18109
18458
18901
18902
18929
18944
18954
18960
18966
18977
19002
19008
19010
19012
19014
19015
19020
19027
19030
19031
19038
19041
19046
19047
19050
19054
19057
19061
19063
19067
19070
19073
19082
19083
19086
19087
19095
19096
19102
19103
19104
19112
19115
19119
19123
19128
19130
19132
19133
19136
19142
19143
19144
19147
19148
19149
19151
19152
19301
19312
19320
19333
19335
19341
19343
19344
19350
19355
19365
19380
19382
19390
19403
19406
19426
19440
19446
19454
19460
19462
19464
19468
19473
19510
19512
19522
19565
19602
19605
19607
19701
19707
19709
19711
19713
19717
19720
19801
19802
19804
19805
19808
19809
19810
20001
20002
20003
20005
20007
20008
20009
20011
20016
20017
20018
20024
20037
20105
20110
20111
20120
20121
20136
20147
20148
20155
20158
20164
20166
20169
20170
20171
20175
20176
20186
20190
20191
20194
20603
20707
20715
20721
20724
20735
20743
20744
20747
20772
20774
20782
20785
20814
20816
20817
20818
20832
20852
20854
20874
20877
20878
20886
20895
20902
20904
20906
20910
21014
21030
21032
21037
21042
21043
21044
21045
21046
21060
21076
21078
21093
21104
21113
21114
21117
21122
21128
21133
21144
21146
21210
21211
21213
21214
21218
21222
21224
21225
21228
21229
21230
21236
21237
21286
21401
21403
21601
21784
21904
22003
22015
22026
22030
22031
22033
22039
22043
22046
22079
22101
22150
22152
22180
22182
22191
22193
22201
22202
22204
22206
22207
22209
22213
22301
22302
22303
22304
22308
22310
22315
22405
22407
22485
22508
22554
22556
23059
23111
23112
23113
23116
23120
23139
23220
23221
23226
23228
23229
23230
23233
23234
23235
23236
23294
23320
23322
23434
23435
23454
23455
23456
23462
23464
23508
23518
23601
23661
23662
23666
23669
23690
23693
23701
23832
23836
27502
27511
27513
27516
27517
27518
27519
27520
27526
27527
27529
27539
27540
27546
27565
27571
27574
27587
27596
27601
27603
27604
27606
27607
27608
27609
27610
27612
27613
27614
27615
27616
27617
27701
27703
27705
27707
27713
28012
28027
28031
28036
28037
28056
28075
28078
28079
28083
28086
28092
28104
28105
28107
28110
28112
28115
28117
28120
28173
28202
28203
28205
28208
28209
28210
28211
28212
28213
28214
28215
28226
28227
28269
28270
28273
28277
28278
29706
29707
29708
29710
29730
29745
30002
30004
30005
30008
30011
30013
30016
30017
30019
30022
30024
30028
30032
30033
30034
30035
30038
30040
30043
30044
30045
30047
30060
30062
30064
30066
30068
30076
30078
30080
30084
30087
30092
30093
30096
30097
30101
30102
30106
30114
30115
30116
30126
30127
30132
30135
30152
30157
30179
30188
30189
30213
30214
30215
30223
30224
30228
30233
30252
30253
30260
30263
30265
30269
30276
30290
30294
30305
30306
30307
30308
30311
30316
30318
30319
30324
30326
30327
30328
30338
30339
30340
30341
30342
30344
30349
30354
30360
30506
30517
30518
30519
30534
30542
30549
30606
30620
30655
30680
32003
32011
32043
32065
32068
32082
32084
32092
32097
32210
32211
32218
32219
32224
32233
32234
32246
32250
32256
32257
32258
32259
32266
32708
32712
32726
32736
32757
32765
32771
32779
32789
32801
32806
32809
32810
32811
32812
32818
32819
32822
32824
32825
32827
32828
32832
32836
32837
33004
33009
33016
33018
33019
33021
33024
33025
33027
33029
33032
33033
33056
33060
33062
33064
33065
33067
33069
33071
33073
33076
33125
33126
33130
33131
33132
33133
33134
33138
33139
33140
33141
33142
33143
33144
33145
33146
33149
33150
33154
33157
33158
33160
33166
33168
33170
33172
33173
33174
33175
33176
33177
33178
33179
33180
33182
33185
33186
33189
33192
33193
33195
33196
33301
33304
33308
33316
33321
33322
33324
33325
33326
33328
33330
33331
33334
33351
33401
33405
33406
33411
33412
33414
33418
33428
33431
33432
33433
33434
33436
33442
33444
33445
33446
33449
33460
33462
33463
33467
33483
33486
33496
33498
33510
33511
33527
33541
33545
33547
33549
33556
33558
33559
33566
33572
33573
33576
33578
33579
33596
33609
33610
33611
33612
33614
33619
33624
33625
33626
33629
33634
33647
33701
33702
33703
33704
33705
33709
33710
33713
33756
33761
33762
33764
33767
33778
33781
33782
33803
33809
33810
33813
33830
33837
33850
33860
33896
33897
34201
34202
34205
34207
34211
34212
34219
34221
34222
34637
34638
34653
34655
34667
34669
34677
34684
34685
34688
34689
34691
34698
34711
34715
34736
34741
34744
34747
34761
34771
34772
34787
37027
37046
37062
37064
37067
37069
37075
37076
37086
37122
37127
37128
37129
37130
37135
37138
37160
37167
37174
37203
37204
37205
37206
37208
37209
37211
37214
37215
37217
37220
37221
37228
37355
40205
40207
40214
40216
40228
40229
40241
40242
40243
40245
40291
40299
41015
41042
41075
41076
43017
43026
43035
43054
43065
43081
43082
43119
43123
43147
43201
43202
43206
43209
43212
43213
43215
43221
43224
43230
43235
44022
44023
44024
44039
44044
44056
44095
44102
44106
44107
44109
44113
44118
44120
44122
44125
44134
44139
44141
44142
44143
44144
44145
44202
44203
44223
44224
44240
44256
44278
44280
44281
44310
44313
44319
44320
44321
45014
45039
45040
45042
45066
45103
45140
45202
45208
45209
45215
45219
45220
45227
45229
45233
45236
45237
45238
45239
45247
45248
45255
45403
45415
45419
45424
45432
45439
45458
45459
46032
46037
46038
46055
46077
46107
46112
46123
46143
46168
46202
46205
46214
46217
46224
46227
46228
46234
46236
46239
46241
46250
46254
46256
46259
46260
46268
48001
48009
48017
48030
48034
48035
48036
48038
48042
48043
48044
48045
48072
48075
48076
48082
48083
48084
48085
48088
48089
48091
48093
48098
48103
48104
48105
48111
48116
48124
48126
48127
48130
48134
48135
48138
48146
48152
48154
48160
48162
48168
48169
48170
48178
48183
48185
48187
48188
48195
48197
48204
48205
48219
48221
48223
48224
48230
48235
48236
48239
48302
48304
48306
48307
48309
48310
48313
48314
48315
48322
48323
48326
48327
48329
48331
48341
48360
48374
48375
48377
48381
48382
48386
48390
48507
48843
49301
49316
49321
49428
49464
49503
49504
49505
49507
49508
49509
49512
53005
53022
53045
53072
53129
53130
53132
53143
53144
53150
53151
53154
53158
53185
53188
53202
53208
53209
53213
53217
53220
53221
53222
53225
53235
53403
53404
53527
53532
53558
53562
53575
53590
53593
53703
53705
53711
53713
53714
53716
53717
53719
54016
55008
55014
55016
55024
55038
55042
55044
55056
55057
55077
55082
55101
55102
55105
55107
55108
55109
55110
55116
55118
55119
55123
55124
55125
55126
55127
55128
55129
55130
55303
55305
55306
55309
55317
55318
55330
55331
55337
55343
55344
55345
55347
55364
55369
55372
55374
55378
55379
55387
55391
55401
55403
55405
55406
55408
55409
55410
55413
55414
55416
55417
55418
55419
55423
55427
55430
55431
55433
55434
55437
55438
55448
60002
60004
60012
60013
60014
60015
60018
60020
60022
60025
60026
60030
60035
60042
60045
60047
60048
60050
60056
60062
60067
60069
60084
60085
60087
60088
60089
60090
60093
60098
60101
60103
60107
60108
60110
60120
60123
60131
60133
60134
60137
60140
60148
60156
60172
60173
60174
60176
60177
60187
60189
60190
60191
60192
60193
60201
60202
60302
60304
60305
60402
60403
60404
60406
60409
60411
60419
60422
60423
60431
60435
60439
60443
60446
60451
60452
60453
60458
60461
60462
60465
60466
60473
60477
60478
60487
60502
60510
60515
60517
60521
60523
60525
60526
60527
60540
60542
60543
60544
60558
60559
60560
60563
60565
60585
60586
60601
60605
60607
60608
60609
60610
60611
60613
60614
60615
60616
60617
60618
60619
60622
60623
60628
60629
60630
60631
60632
60634
60638
60639
60640
60641
60642
60644
60645
60646
60647
60649
60651
60652
60653
60654
60655
60657
60659
60660
60661
60707
60803
60804
62002
62034
62035
62220
63005
63011
63017
63021
63026
63033
63049
63051
63052
63074
63105
63107
63108
63112
63117
63119
63122
63123
63125
63128
63129
63130
63131
63133
63135
63301
63303
63304
63366
63376
63385
75002
75006
75007
75009
75010
75013
75019
75022
75023
75024
75025
75028
75032
75033
75034
75035
75036
75038
75039
75056
75062
75063
75067
75068
75069
75070
75071
75072
75075
75078
75080
75081
75082
75087
75088
75093
75098
75116
75134
75142
75154
75165
75189
75201
75202
75204
75205
75206
75207
75208
75209
75211
75212
75214
75215
75216
75218
75220
75223
75225
75227
75229
75230
75231
75238
75240
75243
75244
75248
75249
75252
75254
75287
75407
75454
76001
76002
76006
76008
76009
76013
76015
76016
76020
76021
76022
76028
76034
76039
76040
76051
76052
76058
76063
76092
76102
76109
76114
76115
76116
76118
76126
76129
76131
76132
76133
76135
76137
76177
76179
76201
76209
76226
76227
76244
76247
76248
76262
76548
77005
77006
77007
77008
77013
77015
77018
77019
77022
77024
77027
77030
77036
77040
77042
77044
77048
77051
77053
77055
77057
77058
77060
77063
77064
77068
77070
77073
77075
77076
77077
77079
77081
77082
77083
77084
77086
77089
77091
77092
77093
77095
77098
77099
77301
77302
77304
77336
77339
77345
77354
77355
77357
77365
77373
77375
77377
77379
77381
77382
77385
77386
77388
77389
77406
77429
77433
77441
77447
77449
77450
77459
77477
77479
77489
77493
77494
77502
77505
77532
77546
77565
77566
77568
77571
77573
77578
77581
77583
77584
77598
78006
78023
78070
78108
78109
78130
78132
78154
78163
78201
78204
78209
78210
78212
78213
78214
78216
78218
78227
78229
78231
78232
78233
78238
78240
78244
78247
78248
78249
78250
78251
78253
78254
78256
78257
78258
78259
78260
78261
78602
78610
78613
78620
78626
78628
78634
78641
78642
78644
78652
78654
78660
78665
78669
78676
78681
78701
78702
78703
78704
78705
78717
78724
78727
78729
78731
78732
78734
78735
78737
78738
78739
78745
78746
78747
78748
78749
78750
78752
78756
78757
78758
78759
85003
85008
85013
85015
85018
85021
85022
85023
85024
85028
85029
85032
85037
85041
85042
85048
85050
85053
85083
85086
85202
85203
85205
85207
85209
85212
85213
85215
85224
85225
85226
85233
85234
85249
85251
85253
85254
85255
85257
85258
85260
85262
85266
85268
85281
85283
85284
85286
85295
85296
85297
85298
85303
85304
85308
85310
85323
85326
85331
85335
85339
85340
85345
85351
85353
85373
85374
85375
85381
85382
85383
85392
85395
89002
89011
89014
89031
89044
89052
89074
89081
89084
89104
89106
89108
89109
89115
89117
89118
89119
89120
89121
89123
89128
89129
89130
89131
89134
89135
89138
89141
89144
89145
89147
89148
89149
89178
89183
90004
90008
90019
90023
90024
90025
90026
90027
90028
90032
90033
90034
90035
90036
90038
90039
90041
90042
90043
90045
90046
90047
90048
90049
90056
90062
90064
90066
90068
90069
90077
90094
90201
90210
90211
90212
90230
90232
90241
90242
90247
90249
90254
90255
90262
90266
90275
90277
90278
90280
90291
90301
90303
90305
90401
90402
90403
90405
90502
90504
90505
90601
90603
90605
90606
90620
90621
90630
90631
90638
90640
90650
90706
90710
90712
90715
90717
90720
90731
90745
90802
90804
90806
90808
90810
90815
91016
91030
91042
91104
91105
91106
91107
91201
91202
91204
91207
91214
91304
91306
91311
91316
91320
91321
91324
91325
91326
91331
91340
91342
91344
91350
91351
91352
91356
91362
91364
91367
91401
91403
91405
91406
91411
91423
91436
91501
91504
91505
91506
91601
91602
91604
91605
91606
91607
91701
91706
91709
91710
91724
91737
91739
91741
91744
91745
91748
91752
91755
91761
91763
91764
91765
91766
91767
91786
91789
91910
91913
91914
91915
91941
91945
91977
92008
92009
92010
92011
92014
92019
92020
92021
92024
92025
92026
92027
92037
92056
92057
92064
92071
92078
92081
92083
92084
92101
92104
92106
92108
92109
92111
92113
92115
92116
92117
92120
92122
92123
92126
92127
92128
92129
92130
92131
92139
92154
92220
92223
92313
92316
92324
92335
92336
92346
92373
92374
92376
92377
92399
92404
92407
92501
92503
92504
92505
92506
92507
92508
92532
92545
92551
92555
92557
92562
92563
92571
92582
92584
92585
92586
92587
92603
92606
92610
92612
92618
92620
92624
92625
92626
92627
92629
92630
92637
92646
92647
92648
92649
92656
92660
92661
92673
92675
92677
92679
92692
92694
92703
92704
92705
92707
92708
92780
92782
92801
92804
92807
92808
92821
92833
92835
92840
92860
92865
92866
92867
92869
92878
92880
92881
92882
92883
92886
94002
94010
94015
94019
94022
94024
94025
94027
94030
94040
94043
94044
94062
94063
94066
94070
94080
94085
94086
94087
94103
94109
94110
94112
94114
94115
94116
94118
94121
94122
94123
94131
94132
94133
94134
94303
94306
94401
94402
94403
94404
94501
94502
94506
94507
94510
94518
94519
94523
94525
94526
94530
94531
94547
94549
94550
94552
94553
94563
94564
94565
94566
94568
94572
94577
94578
94579
94580
94582
94583
94589
94590
94591
94596
94598
94601
94602
94603
94605
94607
94610
94611
94618
94619
94704
94708
94803
94804
94806
94901
94904
94920
94925
94939
94941
94965
95003
95008
95032
95035
95037
95050
95060
95062
95112
95116
95117
95118
95120
95121
95123
95124
95125
95126
95127
95128
95129
95131
95136
95148
95206
95209
95219
95240
95242
95252
95330
95336
95337
95350
95351
95355
95358
95361
95363
95380
95608
95616
95620
95623
95630
95648
95661
95677
95678
95687
95747
95825
95826
95831
95835
95838

"Applied filters:
3DigitOrigin is 761
PercentDay5 is greater than or equal to 0.95
Carrier is aci_ws
Product is ACI_Direct_RegionalParcelDelivery"
