9400136208303385638161
9400136208303385638277
9400136208303385938667
9261290339737604597327
9400136208303385936250
9261290339737604597266
9400136208303385935758
9261290339737604597211
9261290339737604597181
9261290339737604597143
9261290339737604597051
9261290339737604597013
9261290339737604596955
9261290339737604596948
9261290339737604596894
9400136208303385928613
9261290339737604596856
9261290339737604596788
9261290339737604596740
9261290339737604596733
9261290339737604596702
9261290339737604596689
9261290339737604596580
9261290339737604596528
9261290339737604596498
9261290339737604596481
9261290339737604596405
9261290339737604596382
9400136208303385921065
9261290339737604596306
9261290339737604596146
9400136208303385919048
9261290339737604596122
9261290339737604596108
9261290339737604596078
9261290339737604596016
9261290339737604596009
9261290339737604595989
04102100000034100008724625
07105100000034100008724555
07105100000034100008724364
04102100000034100008724083
9400136208303386637354
09107100000034100008724014
05103100000034100008723891
04102100000034100008723864
09107100000034100008723741
09107100000034100008723673
04102100000034100008723512
09107100000034100008723444
09107100000034100008723352
9261290339737604604896
09107100000034100008722911
04102100000034100008722829
9261290339737604604797
9261290339737604604780
9261290339737604604773
04102100000034100008720399
04102100000034100008720337
9400136208303386611118
04102100000034100008720221
9400136208303386610258
08106100000034100008720065
9400136208303386609306
04102100000034100008719089
9261290339737604604643
09107100000034100008718273
08106100000034100008718055
09107100000034100008717450
9261290339737604604476
9261290339737604604469
9400136208303386594787
09107100000034100008716989
09107100000034100008716736
9261290339737604604360
9261290339737604604186
04102100000034100008716149
09107100000034100008716033
9261290339737604604018
05103100000034100008714752
9261290339737604603974
09107100000034100008714312
9261290339737604603950
09107100000034100008713735
9239590339737604603785
9261290339737604603721
07105100000034100008711678
09107100000034100008710246
9239590339737604603617
9261290339737604603516
9261290339737604603509
9261290339737604603462
04102100000034100008707895
07105100000034100008707862
9239590339737604603273
9400136208303386498627
9261290339737604603196
09107100000034100008707154
9400136208303386479930
09107100000034100008706331
9400136208303386474164
9261290339737604603059
07105100000034100008703833
09107100000034100008703613
9261290339737604603004
9400136208303386460495
9261290339737604602946
09107100000034100008701046
09107100000034100008699039
9261290339737604602908
09107100000034100008696601
09107100000034100008695987
04102100000034100008695802
9261290339737604602786
04102100000034100008695512
9400136208303386436575
9261290339737604602670
9261290339737604602618
9400136208303386419172
04102100000034100008693747
09107100000034100008693693
9261290339737604602564
9400136208303386415150
9261290339737604602557
9400136208303386410711
9400136208303386410308
9261290339737604602533
9261290339737604602489
9261290339737604602465
07105100000034100008689830
9400136208303386343002
09107100000034100008687029
9400136206574279425927
9261290339737604602267
9400136208303386325749
09107100000034100008679543
9261290339737604602236
09107100000034100008678393
9261290339737604602205
9400136208303386319823
04102100000034100008677228
9261290339737604602175
9400136208303386317379
9261290339737604602144
9261290339737604602090
9261290339737604601949
9400136208303386311445
9261290339737604601918
9261290339737604601864
9261290339737604601840
9261290339737604601796
9261290339737604601758
9261290339737604601741
9261290339737604601673
9239590339737604601651
9261290339737604601581
9261290339737604601536
9261290339737604601529
9261290339737604601505
9261290339737604601444
9261290339737604601383
9261290339737604601352
9261290339737604601284
9261290339737604601208
9261290339737604601192
9400136208303386297329
9261290339737604601154
9261290339737604601079
9261290339737604601024
9261290339737604600928
9261290339737604600898
9261290339737604600799
9400136208303386273576
9400136208303386268664
9261290339737604600652
9400136208303386264659
9400136208303386263614
9261290339737604600584
9261290339737604600577
9261290339737604600553
9400136208303386260545
9261290339737604600508
9261290339737604600485
9261290339737604600478
9261290339737604600362
9400136208303386253431
9261290339737604600348
9400136208303386250829
9261290339737604600270
9261290339737604600249
9400136208303386249762
9261290339737604600195
9261290339737604600171
9261290339737604600133
9261290339737604600126
9400136208303386246228
9261290339737604600089
9261290339737604600072
9261290339737604600058
9261290339737604600041
9261290339737604600010
9400136208303386243395
9400136208303386241216
9261290339737604599871
9261290339737604599840
9261290339737604599826
9261290339737604599819
9261290339737604599734
9400136208303386236458
9261290339737604599680
9261290339737604599659
9400136208303386234607
9261290339737604599529
9261290339737604599499
9261290339737604599468
9400136208303386231361
9261290339737604599437
9400136208303386230623
9400136208303386229528
9261290339737604599338
9400136208303386228958
9261290339737604599222
9261290339737604599031
9261290339737604598928
9261290339737604598836
9261290339737604598805
9239590339737604598685
9239590339737604598661
9261290339737604598614
9400136208303386121990
9400136208303386121846
9400136208303386121778
9400136208303386121723
9261290339737604598386
9261290339737604598324
9261290339737604598294
9261290339737604598287
9261290339737604598195
9261290339737604598171
9261290339737604598157
9261290339737604598065
9400136208303386114428
9261290339737604597969
9261290339737604597952
9261290339737604597938
9261290339737604597853
9261290339737604597846
9261290339737604597808
9261290339737604597785
9261290339737604597631
9261290339737604597617
9261290339737604597600
9261290339737604597587
9261290339737604597488
9261290339737604597402
04102100000034100008801579
9261290339737604610071
9261290339737604610057
09107100000034100008801494
07105100000034100008801478
9400136208303387227707
04102100000034100008801357
07105100000034100008801348
05103100000034100008801339
9400136208303387225659
9261290339737604609983
09107100000034100008801180
9261290339737604609938
9261290339737604609921
08106100000034100008801085
04102100000034100008801067
09107100000034100008801005
04102100000034100008800879
05103100000034100008800868
9261290339737604609853
11108100000034100008800796
09107100000034100008800749
9400136208303387218941
07105100000034100008800631
09107100000034100008800374
08106100000034100008800255
9400136208303387214530
04102100000034100008800091
04102100000034100008800060
05103100000034100008800059
05103100000034100008799285
09107100000034100008799159
9261290339737604609716
09107100000034100008798749
9400136208303387196003
9400136208303387194115
9261290339737604609600
09107100000034100008797834
9400136208303387192067
07105100000034100008797573
09107100000034100008797254
9400136208303387187674
04102100000034100008796950
09107100000034100008796899
09107100000034100008796745
04102100000034100008796714
11108100000034100008796594
9261290339737604609501
09107100000034100008796486
9261290339737604609426
09107100000034100008796431
04102100000034100008796387
9261290339737604609327
09107100000034100008795168
11108100000034100008795092
09107100000034100008795014
9400136208303387174230
04102100000034100008794840
09107100000034100008794574
09107100000034100008794550
9261290339737604609105
9261290339737604609099
04102100000034100008794055
04102100000034100008794031
04102100000034100008793904
09107100000034100008793805
9400136208303387162435
9261290339737604608948
07105100000034100008793223
09107100000034100008793119
9400136208303387157677
09107100000034100008792846
09107100000034100008792556
08106100000034100008792529
9261290339737604608788
9261290339737604608764
9400136208303387150425
04102100000034100008792389
04102100000034100008792334
9261290339737604608702
09107100000034100008792259
9261290339737604608696
9400136208303387147432
09107100000034100008791955
9400136208303387146923
9400136208303387145445
9261290339737604608603
09107100000034100008791689
9261290339737604608559
9400136208303387142086
9261290339737604608535
9400136208303387141041
9400136208303387140020
09107100000034100008791313
04102100000034100008791269
09107100000034100008791078
09107100000034100008790897
9261290339737604608382
9261290339737604608344
09107100000034100008790552
04102100000034100008790521
9400136208303387132568
09107100000034100008790217
04102100000034100008790163
11108100000034100008790158
09107100000034100008790149
04102100000034100008790132
09107100000034100008790088
04102100000034100008789990
9261290339737604608214
09107100000034100008789853
9261290339737604608160
9261290339737604608139
05103100000034100008789194
09107100000034100008789037
07105100000034100008788908
04102100000034100008788894
04102100000034100008788887
09107100000034100008788801
9400136206574279438590
9400136208303387122026
9261290339737604607965
9261290339737604607941
9400136208303387118425
9261290339737604607897
09107100000034100008788160
9261290339737604607804
9261290339737604607767
07105100000034100008787987
9261290339737604607750
9261290339737604607729
04102100000034100008787804
09107100000034100008787699
09107100000034100008787682
9261290339737604607644
04102100000034100008787668
09107100000034100008787606
09107100000034100008787569
9261290339737604607613
04102100000034100008787453
04102100000034100008787378
09107100000034100008787132
04102100000034100008787064
04102100000034100008786890
04102100000034100008786692
09107100000034100008786579
9400136208303387097713
09107100000034100008785756
09107100000034100008785640
9261290339737604607491
9261290339737604607460
9400136208303387090981
05103100000034100008785127
04102100000034100008784797
09107100000034100008784629
08106100000034100008784616
09107100000034100008784261
09107100000034100008784193
09107100000034100008784117
08106100000034100008784074
9261290339737604607354
09107100000034100008783905
09107100000034100008783691
9261290339737604607279
09107100000034100008782243
9261290339737604607163
11108100000034100008781286
09107100000034100008780805
9261290339737604607132
9400136208303387042218
11108100000034100008780173
9261290339737604607095
09107100000034100008779823
9400136208303387034411
08106100000034100008779629
09107100000034100008779496
9261290339737604607026
04102100000034100008779441
9400136208303387025884
9261290339737604606999
9261290339737604606982
09107100000034100008779304
04102100000034100008778710
09107100000034100008778703
09107100000034100008778246
9261290339737604606913
09107100000034100008777799
9261290339737604606883
9261290339737604606869
9261290339737604606845
9261290339737604606838
04102100000034100008777164
09107100000034100008776310
9261290339737604606777
9261290339737604606722
9400136208303386998127
09107100000034100008775061
04102100000034100008774996
9261290339737604606579
9261290339737604606555
9261290339737604606524
9400136208303386989910
08106100000034100008773849
09107100000034100008773821
09107100000034100008773593
07105100000034100008773317
9261290339737604606388
04102100000034100008772770
09107100000034100008772725
07105100000034100008772051
04102100000034100008771940
04102100000034100008771629
09107100000034100008771292
9261290339737604606258
9239590339737604606243
09107100000034100008769855
09107100000034100008769817
9400136208303386968687
9261290339737604606081
9261290339737604606067
9261290339737604606050
05103100000034100008767802
09107100000034100008767615
9400136208303386954352
9239590339737604606038
11108100000034100008765705
09107100000034100008765529
9400136208303386946784
9261290339737604606012
04102100000034100008765017
9261290339737604606005
09107100000034100008764645
9400136208303386941178
09107100000034100008764447
09107100000034100008763457
09107100000034100008763358
9261290339737604605855
9261290339737604605787
09107100000034100008758583
9261290339737604605732
09107100000034100008756831
9400136208303386914080
9400136208303386911324
04102100000034100008756015
09107100000034100008755995
09107100000034100008755506
09107100000034100008755445
07105100000034100008754958
04102100000034100008754868
9261290339737604605688
04102100000034100008754325
09107100000034100008754240
04102100000034100008754158
09107100000034100008754141
9400136208303386890810
09107100000034100008754035
04102100000034100008753915
9261290339737604605602
09107100000034100008753755
09107100000034100008753465
09107100000034100008753182
09107100000034100008753113
04102100000034100008751706
9261290339737604605459
08106100000034100008749554
9261290339737604605381
07105100000034100008748285
09107100000034100008748164
04102100000034100008748089
9400136208303386845742
9261290339737604605336
9400136208303386843717
9400136208303386840310
9400136208303386838034
09107100000034100008747044
04102100000034100008744555
9261290339737604605244
05103100000034100008743820
04102100000034100008743718
09107100000034100008743190
09107100000034100008742988
9400136208303386801496
04102100000034100008742766
04102100000034100008742360
09107100000034100008742315
9400136208303386794156
9261290339737604605176
07105100000034100008741408
04102100000034100008741264
04102100000034100008740908
09107100000034100008740793
09107100000034100008740625
09107100000034100008740106
09107100000034100008740090
09107100000034100008740021
09107100000034100008740014
07105100000034100008739955
07105100000034100008739870
09107100000034100008739865
04102100000034100008739674
11108100000034100008739591
04102100000034100008739490
04102100000034100008739438
07105100000034100008739375
04102100000034100008739315
09107100000034100008739278
09107100000034100008739261
09107100000034100008739193
9400136208303386766290
04102100000034100008738899
04102100000034100008738882
09107100000034100008738820
09107100000034100008738516
08106100000034100008738404
09107100000034100008738394
09107100000034100008738349
05103100000034100008738338
08106100000034100008738268
9261290339737604604995
9261290339737604604988
05103100000034100008737744
09107100000034100008737687
05103100000034100008737546
9400136206574279447479
09107100000034100008880642
07105100000034100008880053
9400136208303387797477
9261290339737604612808
09107100000034100008879844
9400136206574279447363
11108100000034100008879686
9400136208303387795213
9400136208303387795145
9400136206574279447271
04102100000034100008879554
9400136208303387790485
9400136208303387789366
9261290339737604612648
09107100000034100008878571
09107100000034100008878083
09107100000034100008878021
9400136206574279447080
09107100000034100008876980
07105100000034100008876841
04102100000034100008876676
09107100000034100008876614
9261290339737604612433
9261290339737604612426
04102100000034100008876423
04102100000034100008876317
09107100000034100008876300
09107100000034100008876096
04102100000034100008876010
09107100000034100008875907
9261290339737604612334
08106100000034100008875475
09107100000034100008875433
07105100000034100008875127
9261290339737604612303
07105100000034100008874984
11108100000034100008874940
09107100000034100008874702
9261290339737604612259
09107100000034100008873903
04102100000034100008873385
04102100000034100008873279
05103100000034100008873060
9261290339737604612099
9261290339737604612068
9261290339737604612006
9261290339737604611986
04102100000034100008871268
04102100000034100008871190
9400136208303387723810
07105100000034100008870788
07105100000034100008870641
9400136208303387721991
9261290339737604611931
09107100000034100008870513
9261290339737604611924
08106100000034100008870432
09107100000034100008870308
9400136208303387711572
9261290339737604611894
09107100000034100008868817
9400136208303387698392
11108100000034100008866921
9400136208303387686481
9400136208303387686252
9400136208303387664472
9261290339737604611641
9261290339737604611597
9400136208303387623479
9261290339737604611368
04102100000034100008857897
09107100000034100008857705
9239590339737604611261
09107100000034100008857217
04102100000034100008856821
07105100000034100008856027
9261290339737604611191
04102100000034100008853714
04102100000034100008853646
9400136208303387559587
9400136208303387558870
9261290339737604610767
9400136208303387537462
11108100000034100008847579
9400136208303387526763
9261290339737604610637
09107100000034100008842084
04102100000034100008836168
9261290339737604610545
9400136208303387494444
9261290339737604610484
09107100000034100008833518
9400136208303387490750
9261290339737604610453
04102100000034100008833273
9400136208303387485725
9261290339737604610446
09107100000034100008832948
04102100000034100008832290
04102100000034100008831286
09107100000034100008831057
9261290339737604610408
9261290339737604610385
09107100000034100008830388
04102100000034100008830258
04102100000034100008830111
09107100000034100008827777
09107100000034100008826268
9261290339737604610316
07105100000034100008823661
9261290339737604610279
9261290339737604610262
11108100000034100008823214
9239590339737604610226
09107100000034100008953858
09107100000034100008953735
04102100000034100008953629
9239590339737604615047
04102100000034100008953360
9400136206574279455092
07105100000034100008952798
09107100000034100008952714
04102100000034100008952561
07105100000034100008952477
04102100000034100008952448
9261290339737604614864
9261290339737604614857
09107100000034100008952172
09107100000034100008952165
9261290339737604614758
9261290339737604614741
9261290339737604614734
9261290339737604614727
07105100000034100008951913
9261290339737604614697
9400136208303388324665
11108100000034100008951610
9261290339737604614659
9400136208303388323279
9239590339737604614620
9261290339737604614611
9261290339737604614604
9400136208303388321015
09107100000034100008951359
04102100000034100008951311
9261290339737604614543
05103100000034100008951188
9400136208303388313867
9261290339737604614512
9261290339737604614475
09107100000034100008950376
9261290339737604614413
07105100000034100008950176
9261290339737604614406
11108100000034100008949907
9400136208303388305039
09107100000034100008949578
9261290339737604614321
04102100000034100008949509
09107100000034100008949448
9261290339737604614291
9261290339737604614277
09107100000034100008949318
09107100000034100008949271
9261290339737604614246
9261290339737604614086
9261290339737604614062
04102100000034100008946768
09107100000034100008946737
04102100000034100008946546
9261290339737604614000
9261290339737604613973
04102100000034100008946355
9400136206574279454170
9261290339737604613942
9261290339737604613867
08106100000034100008945680
04102100000034100008945327
09107100000034100008945259
04102100000034100008945068
09107100000034100008944207
9261290339737604613638
09107100000034100008943859
9261290339737604613591
9261290339737604613485
9261290339737604613461
9261290339737604613447
9261290339737604613423
09107100000034100008939340
04102100000034100008937520
09107100000034100008937216
04102100000034100008936950
07105100000034100008936798
09107100000034100008936714
04102100000034100008936677
9400136208303388178992
04102100000034100008936554
09107100000034100008936356
09107100000034100008935670
9239590339737604613289
9261290339737604613270
09107100000034100008935144
9239590339737604613227
9261290339737604613201
9239590339737604613166
09107100000034100008930385
04102100000034100008930118
09107100000034100008929624
9239590339737604613128
09107100000034100008923028
07105100000034100008922852
11108100000034100008915612
9261290339737604613003
9239590339737604612923
9400136208303389463783
13110100000034100009091231
09107100000034100009091054
9261290339737604619487
13110100000034100009091033
9400136208303389462113
09107100000034100009090941
9434636206574279951190
04102100000034100009090903
09107100000034100009090897
04102100000034100009090866
09107100000034100009090750
09107100000034100009090743
11108100000034100009090639
9261290339737604619241
05103100000034100009090510
9261290339737604619234
09107100000034100009090507
04102100000034100009090484
09107100000034100009090439
05103100000034100009090305
9261290339737604618992
05103100000034100009089286
9261290339737604618862
09107100000034100009089143
9239590339737604618833
04102100000034100009088801
09107100000034100009088597
9261290339737604618800
9261290339737604618770
09107100000034100009088412
07105100000034100009088366
9261290339737604618749
08106100000034100009088300
09107100000034100009088276
9261290339737604618688
9261290339737604618657
9261290339737604618640
09107100000034100009087958
9400136208303389441934
09107100000034100009087811
09107100000034100009087743
07105100000034100009087727
04102100000034100009087248
9400136208303389438361
07105100000034100009086812
9261290339737604618473
13110100000034100009086626
9261290339737604618442
9400136206574279472105
9261290339737604618428
04102100000034100009086203
04102100000034100009086166
11108100000034100009085918
9261290339737604618374
9261290339737604618299
09107100000034100009084391
9261290339737604618268
07105100000034100009081237
9261290339737604618114
9400136208303389371002
9400136208303389367593
9261290339737604618060
04102100000034100009078956
08106100000034100009078790
08106100000034100009078561
9261290339737604617919
9400136208303389343924
04102100000034100009076365
9400136208303389335448
04102100000034100009073852
04102100000034100009073111
9261290339737604617667
04102100000034100009072817
9261290339737604617629
9261290339737604617575
9400136208303389305069
09107100000034100009070233
9400136208303389298040
05103100000034100009068908
9261290339737604617353
09107100000034100009066526
04102100000034100009064911
9261290339737604617179
9261290339737604617155
9261290339737604617131
07105100000034100009060010
9400136208303389230279
9400136208303389228009
9261290339737604616905
9261290339737604616882
9261290339737604616813
9261290339737604616721
04102100000034100009054196
9400136208303389202573
9400136208303389193086
04102100000034100009052697
09107100000034100009051751
92612903290763100000054162
9261290339737604616530
9400136208303389173958
08106100000034100009049202
9261290339737604616509
9261290339737604616493
07105100000034100009048452
9261290339737604616455
9400136208303389164925
9261290339737604616431
13110100000034100009047788
09107100000034100009047617
9261290339737604616400
9261290339737604616387
07105100000034100009045727
07105100000034100009045086
09107100000034100009044814
09107100000034100009043503
9261290339737604616318
09107100000034100009042810
09107100000034100009039667
04102100000034100009039575
07105100000034100009038682
9261290339737604616158
09107100000034100009036932
04102100000034100009036062
09107100000034100009035522
04102100000034100009034921
9261290339737604615991
9400136208303389104815
11108100000034100009034657
9261290339737604615984
9261290339737604615977
11108100000034100009033018
07105100000034100009032543
04102100000034100009032491
04102100000034100009031739
9400136208303389094383
9261290339737604615861
9400136208303389075702
9261290339737604615830
9400136206574279464131
9261290339737604615731
09107100000034100009019836
09107100000034100009019485
09107100000034100009016958
05103100000034100009016688
9261290339737604615571
9261290339737604615557
9400136208303389036086
04102100000034100009015555
04102100000034100009015326
05103100000034100009015230
09107100000034100009014985
07105100000034100009014884
09107100000034100009014664
09107100000034100009014541
08106100000034100009012695
9400136208303389004979
13110100000034100009005108
08106100000034100009004386
9400136208303388980410
09107100000034100009003330
09107100000034100009002913
05103100000034100009001509
9400136208303390113264
9400136208303390112038
09107100000034100009194151
9261290339737604621534
9261290339737604621527
9261290339737604621480
09107100000034100009194120
04102100000034100009194090
9239590339737604621413
9400136206574279484757
9400136206574279484740
9261290339737604621404
9239590339737604621123
9261290339737604621107
04102100000034100009192331
9261290339737604621084
9261290339737604621039
04102100000034100009191457
9261290339737604621015
05103100000034100009190746
09207100000034100009190495
13110100000034100009190446
9261290339737604620926
04102100000034100009189966
9261290339737604620902
9261290339737604620896
11208100000034100009189699
9261290339737604620872
9261290339737604620827
09107100000034100009188723
9400136208303390088197
9261290339737604620766
07105100000034100009188073
9261290339737604620728
09107100000034100009187665
04102100000034100009187535
04102100000034100009187320
9261290339737604620674
9261290339737604620667
09207100000034100009186429
09207100000034100009186399
09107100000034100009186255
9400136208303390067079
92612903290763100000056708
04102100000034100009185791
9261290339737604620599
9261290339737604620575
9400136208303390036075
09107100000034100009182158
9261290339737604620490
04102100000034100009179196
08106100000034100009178902
09107100000034100009178632
9400136208303389999954
9400136208303389999565
9261290339737604620407
09107100000034100009175181
9239590339737604620317
09107100000034100009175006
9261290339737604620292
9261290339737604620285
04102100000034100009173576
9239590339737604620232
13110100000034100009172459
07105100000034100009170931
08106100000034100009170739
13110100000034100009170639
9400136208303389923379
9261290339737604619951
07105100000034100009168006
9261290339737604619920
9261290339737604619913
9261290339737604619906
9261290339737604619838
04102100000034100009162013
9261290339737604619760
07105100000034100009161557
08106100000034100009161416
9261290339737604619739
04102100000034100009158757
05103100000034100009158623
09107100000034100009149601
9261290339737604619647
04102100000034100009114524
9239590339737604619588
09107100000034100009114296
11108100000034100009269844
04102100000034100009269439
09107100000034100009268616
09107100000034100009268562
09107100000034100009268395
9239590339737604622762
9400136208303390686690
9261290339737604622692
07105100000034100009267808
09207100000034100009267791
9400136208303390682197
9261290339737604622586
09107100000034100009267213
11108100000034100009267116
9400136208303390672105
07105100000034100009266764
9261290339737604622449
11108100000034100009266409
04102100000034100009266339
09107100000034100009265851
09107100000034100009265837
09107100000034100009265622
9261290339737604622302
9261290339737604622296
9261290339737604622227
09107100000034100009265035
9261290339737604622159
07105100000034100009264845
9261290339737604622142
05103100000034100009264812
9261290339737604622135
9261290339737604622128
9261290339737604622111
9261290339737604622104
09107100000034100009264618
9261290339737604622067
09107100000034100009262171
05103100000034100009262146
9400136208303390633762
07105100000034100009261790
11108100000034100009261442
9261290339737604622005
09107100000034100009260948
9239590339737604621956
09207100000034100009259314
09107100000034100009258938
09207100000034100009258638
9400136208303390596869
09107100000034100009257313
9400136208303390588888
09107100000034100009256873
04102100000034100009256071
9261290339737604621862
09107100000034100009254923
9400136208303390571040
9261290339737604621848
9261290339737604621831
09107100000034100009252769
9400136208303390484746
11108100000034100009245756
9400136208303390465967
04202100000034100009240923
09207100000034100009240206
09207100000034100009239866
08206100000034100009237088
9261290339737604624160
09107100000034100009345713
9261290339737604623996
9261290339737604623989
9239590339737604623967
04202100000034100009345154
09107100000034100009343696
07105100000034100009343618
9400136208303391256144
9400136208303391255017
04102100000034100009343115
9400136208303391252382
9261290339737604623811
9261290339737604623675
11108100000034100009341588
9400136208303391235057
9261290339737604623576
05103100000034100009334393
04102100000034100009333529
09107100000034100009331181
9261290339737604623361
04102100000034100009418646
9261290339737604629851
9261290339737604629844
11108100000034100009418440
9261290339737604629745
9261290339737604629714
09107100000034100009418110
07105100000034100009417975
9261290339737604629646
09107100000034100009417939
09107100000034100009417915
9261290339737604629622
9261290339737604629608
9400136208303391820857
9261290339737604629547
07105100000034100009417654
9261290339737604629509
9261290339737604629462
9261290339737604629448
9261290339737604629400
9400136206574279508804
04102100000034100009417427
9261290339737604629356
9261290339737604629325
09107100000034100009417328
9261290339737604629202
9261290339737604629110
9261290339737604629103
09107100000034100009416772
11108100000034100009416743
09107100000034100009416727
05103100000034100009416631
09207100000034100009416595
09207100000034100009416564
9261290339737604628991
9261290339737604628946
09107100000034100009416413
9261290339737604628717
09107100000034100009415805
9261290339737604628694
9261290339737604628687
9261290339737604628656
9400136208303391809241
9400136208303391807063
05103100000034100009415139
9400136206574279508682
09107100000034100009415072
9261290339737604628472
09107100000034100009414853
9400136208303391803003
04102100000034100009414358
9400136208303391799955
09107100000034100009413931
9261290339737604628045
09107100000034100009413733
04102100000034100009413658
13110100000034100009413613
9261290339737604627932
9261290339737604627888
9261290339737604627871
04102100000034100009413276
9261290339737604627802
9261290339737604627789
9261290339737604627758
9261290339737604627727
9261290339737604627659
9261290339737604627635
9261290339737604627598
9261290339737604627482
9261290339737604627420
9261290339737604627390
9261290339737604627369
9261290339737604627291
9261290339737604627260
9261290339737604627192
9261290339737604627161
9261290339737604627123
9261290339737604627079
07105100000034100009413069
9239590339737604626890
09207100000034100009413020
09107100000034100009413016
9400136208303391795773
9261290339737604626843
04102100000034100009412842
05103100000034100009412831
07105100000034100009412796
9261290339737604626751
09107100000034100009412392
09107100000034100009411760
08106100000034100009411597
9261290339737604626249
09107100000034100009411357
11108100000034100009411267
9239590339737604626173
9261290339737604626164
09107100000034100009410947
9261290339737604626089
07105100000034100009410730
11108100000034100009410642
09107100000034100009410589
13110100000034100009410513
9261290339737604626027
04102100000034100009410084
09107100000034100009410077
05103100000034100009409916
9400136208303391768883
09107100000034100009409866
9261290339737604625891
09107100000034100009409682
9400136208303391763178
09107100000034100009409187
04102100000034100009408999
9261290339737604625747
09107100000034100009408760
04102100000034100009408661
9261290339737604625709
09107100000034100009408623
04102100000034100009408593
9239590339737604625688
9261290339737604625662
9261290339737604625648
9239590339737604625626
9239590339737604625602
04102100000034100009408302
9400136208303391752349
04102100000034100009408036
9261290339737604625532
13110100000034100009407933
9261290339737604625501
9400136208303391748458
9261290339737604625488
04102100000034100009407718
9239590339737604625473
9261290339737604625396
9239590339737604625374
08106100000034100009407187
9261290339737604625365
9239590339737604625350
05103100000034100009407141
9239590339737604625299
9261290339737604625280
9261290339737604625266
9261290339737604625228
09107100000034100009402195
08106100000034100009402014
11108100000034100009401299
09107100000034100009401198
04102100000034100009400818
9261290339737604625136
09107100000034100009400559
04102100000034100009400498
09107100000034100009400252
13110100000034100009399610
04102100000034100009399426
09107100000034100009397736
09107100000034100009395244
05103100000034100009394939
04102100000034100009394483
9261290339737604624665
11108100000034100009393624
09107100000034100009392762
09107100000034100009392694
09107100000034100009389069
9400136208303391554332
9400136208303391552413
07105100000034100009376241
9261290339737604624344
09107100000034100009375017
09107100000034100009374553
05103100000034100009374313
9261290339737604624276
09107100000034100009373976
9261290339737604624252
9400136208303393625214
04102100000034100009599079
9261290339737604633384
09107100000034100009598980
9400136208303393621797
09107100000034100009598430
9261290339737604633292
9261290339737604633254
07105100000034100009597981
09107100000034100009597747
08106100000034100009597659
9261290339737604633162
9239590339737604633157
09107100000034100009597532
9261290339737604633131
9261290339737604633100
09107100000034100009597099
9400136208303393613174
07105100000034100009596489
05103100000034100009596319
07105100000034100009596281
09107100000034100009596115
9261290339737604632806
09107100000034100009595439
9400136208303393595890
9400136208303393594107
9261290339737604632585
09107100000034100009594753
08106100000034100009594672
9400136208303393587628
07105100000034100009594249
9400136208303393581299
9239590339737604632440
9261290339737604632417
09107100000034100009594067
11108100000034100009593710
07105100000034100009593433
9400136208303393568351
04102100000034100009593275
9261290339737604632257
13110100000034100009592974
08106100000034100009592852
09107100000034100009592735
9261290339737604632189
9261290339737604632134
05103100000034100009591802
04102100000034100009591455
9261290339737604632004
09107100000034100009591011
9400136208303393541699
9400136208303393540524
04102100000034100009590526
04102100000034100009590403
9261290339737604631816
9261290339737604631762
09107100000034100009588493
9434636206574280056068
9261290339737604631564
9261290339737604631533
05103100000034100009587089
09107100000034100009586710
13110100000034100009586041
9261290339737604631465
9261290339737604631458
9261290339737604631434
09107100000034100009584549
09107100000034100009579965
04102100000034100009577664
9434636208303337231183
9261290339737604631335
09107100000034100009574991
9261290339737604631298
09107100000034100009574403
9400136208303393438203
9261290339737604631250
9261290339737604631243
9239590339737604631221
9261290339737604631212
09207100000034100009573847
09207100000034100009573830
09207100000034100009572260
9239590339737604631139
9239590339737604631122
9239590339737604631108
09207100000034100009572154
9400136208303393424398
09207100000034100009572109
11208100000034100009572071
9261290339737604631014
09107100000034100009571068
9261290339737604630963
08106100000034100009570058
07105100000034100009569681
09107100000034100009569485
09107100000034100009568815
09107100000034100009567405
05103100000034100009567098
09107100000034100009566682
9261290339737604630871
05103100000034100009565315
04102100000034100009565197
09107100000034100009564923
9400136208303393367657
9261290339737604630796
09107100000034100009564183
9261290339737604630765
09107100000034100009560710
9400136208303393355036
9261290339737604630710
09107100000034100009555693
9261290339737604630703
09107100000034100009553569
07105100000034100009550665
9261290339737604630611
9261290339737604630604
04102100000034100009545229
07105100000034100009543759
09107100000034100009541917
09107100000034100009541870
07105100000034100009541472
09107100000034100009541351
07205100000034100009540786
9261290339737604630369
9261290339737604630345
11108100000034100009539831
9261290339737604630260
9261290339737604630253
9261290339737604630215
9261290339737604630178
9261290339737604630086
09107100000034100009526921
9239590339737604630033
09207100000034100009526416
9239590339737604629952
