5DigitDestination
0
01001
01013
01020
01022
01027
01028
01030
01040
01056
01062
01075
01085
01086
01089
01095
01103
01104
01105
01106
01107
01108
01109
01118
01119
01128
01129
01151
01420
01453
01460
01501
01510
01532
01545
01550
01569
01570
01571
01581
01602
01603
01604
01605
01606
01607
01608
01609
01610
01611
01612
01701
01702
01719
01720
01721
01730
01740
01741
01742
01745
01746
01747
01748
01749
01752
01754
01757
01760
01770
01772
01773
01775
01776
01778
01801
01803
01810
01821
01824
01826
01830
01832
01833
01834
01835
01840
01841
01843
01844
01845
01850
01851
01852
01854
01860
01862
01863
01864
01867
01876
01879
01880
01886
01887
01890
01901
01902
01904
01905
01906
01907
01908
01913
01915
01921
01922
01923
01929
01930
01938
01940
01944
01945
01949
01950
01951
01952
01960
01965
01966
01969
01970
01982
01983
01984
01985
02019
02021
02026
02030
02032
02035
02038
02043
02045
02048
02050
02052
02054
02056
02061
02062
02067
02071
02072
02081
02090
02093
02108
02109
02110
02111
02113
02114
02115
02116
02117
02118
02119
02120
02121
02122
02124
02125
02126
02127
02128
02129
02130
02131
02132
02134
02135
02136
02138
02139
02140
02141
02142
02143
02144
02145
02148
02149
02150
02151
02152
02155
02169
02170
02171
02176
02180
02184
02186
02188
02189
02190
02191
02199
02205
02210
02215
02301
02302
02322
02324
02333
02334
02339
02343
02346
02347
02351
02356
02359
02360
02368
02370
02375
02379
02382
02420
02421
02445
02446
02451
02452
02453
02458
02459
02460
02461
02462
02464
02465
02466
02467
02468
02472
02474
02476
02478
02481
02482
02492
02493
02494
02703
02718
02720
02721
02723
02724
02726
02740
02743
02744
02745
02746
02747
02760
02762
02764
02766
02767
02771
02779
02780
02806
02809
02816
02817
02818
02826
02827
02840
02842
02852
02860
02861
02863
02864
02865
02871
02874
02876
02885
02886
02888
02889
02893
02895
02896
02903
02904
02905
02906
02907
02908
02909
02910
02911
02914
02915
02916
02917
02919
02920
02921
06001
06002
06010
06023
06026
06029
06032
06033
06037
06040
06042
06043
06050
06051
06052
06053
06062
06066
06067
06074
06082
06088
06093
06095
06096
06103
06105
06106
06107
06108
06109
06110
06111
06112
06114
06117
06118
06119
06120
06226
06238
06249
06250
06254
06264
06266
06268
06280
06320
06334
06335
06339
06340
06360
06365
06370
06382
06385
06812
07001
07002
07003
07004
07005
07006
07008
07009
07010
07011
07012
07013
07014
07016
07017
07018
07020
07021
07022
07023
07024
07026
07027
07028
07029
07030
07031
07032
07033
07034
07035
07036
07039
07040
07041
07042
07043
07044
07045
07046
07047
07050
07051
07052
07054
07055
07057
07058
07059
07060
07062
07063
07064
07065
07066
07067
07068
07069
07070
07071
07072
07073
07074
07075
07076
07077
07078
07079
07080
07081
07082
07083
07086
07087
07088
07090
07092
07093
07094
07095
07101
07102
07103
07104
07105
07106
07107
07108
07109
07110
07111
07112
07114
07201
07202
07203
07204
07205
07206
07207
07208
07302
07304
07305
07306
07307
07310
07401
07403
07405
07407
07410
07416
07417
07418
07419
07421
07423
07424
07430
07432
07435
07436
07438
07439
07440
07442
07444
07446
07450
07452
07456
07457
07458
07460
07461
07462
07463
07470
07474
07480
07481
07501
07502
07503
07504
07505
07506
07508
07509
07512
07513
07514
07522
07524
07601
07603
07604
07605
07606
07607
07620
07621
07624
07626
07627
07628
07630
07631
07632
07641
07642
07643
07644
07645
07646
07647
07648
07649
07650
07652
07656
07657
07660
07661
07662
07663
07666
07670
07675
07676
07677
07701
07702
07704
07711
07712
07716
07718
07719
07721
07722
07723
07724
07726
07727
07728
07730
07731
07732
07733
07734
07735
07737
07738
07739
07740
07746
07747
07748
07750
07751
07753
07755
07756
07757
07758
07760
07762
07764
07801
07803
07821
07822
07825
07826
07827
07828
07830
07834
07836
07838
07840
07843
07847
07848
07849
07850
07851
07852
07853
07860
07865
07866
07869
07871
07874
07876
07882
07885
07901
07920
07921
07922
07924
07927
07928
07930
07931
07932
07933
07934
07936
07939
07940
07945
07946
07950
07960
07974
07980
07981
08002
08003
08004
08005
08007
08009
08010
08012
08015
08016
08019
08020
08021
08022
08023
08026
08027
08028
08029
08030
08031
08033
08034
08035
08036
08037
08041
08043
08045
08046
08048
08049
08050
08051
08052
08053
08054
08055
08056
08057
08059
08060
08061
08062
08063
08065
08066
08067
08068
08069
08070
08071
08075
08077
08078
08079
08080
08081
08083
08084
08085
08086
08087
08088
08089
08090
08091
08092
08093
08094
08096
08097
08098
08102
08103
08104
08105
08106
08107
08108
08109
08110
08205
08215
08234
08241
08302
08310
08312
08317
08318
08319
08322
08323
08326
08328
08330
08332
08340
08341
08343
08344
08346
08350
08360
08361
08501
08502
08505
08512
08514
08515
08518
08520
08525
08527
08530
08533
08534
08535
08536
08540
08542
08543
08550
08551
08554
08558
08559
08560
08608
08609
08610
08611
08618
08619
08620
08628
08629
08638
08648
08690
08691
08701
08721
08722
08723
08724
08730
08731
08733
08734
08736
08739
08741
08742
08750
08753
08754
08755
08757
08758
08759
08802
08804
08805
08807
08810
08812
08816
08817
08818
08820
08821
08822
08823
08824
08828
08830
08831
08832
08833
08835
08837
08840
08844
08846
08850
08852
08853
08854
08857
08859
08861
08863
08865
08869
08872
08873
08876
08879
08880
08882
08884
08886
08887
08889
08901
08902
08904
10001
10002
10003
10004
10005
10006
10007
10009
10010
10011
10012
10013
10014
10016
10017
10018
10019
10021
10022
10023
10024
10025
10026
10027
10028
10029
10030
10031
10032
10033
10034
10035
10036
10037
10038
10039
10040
10044
10065
10069
10075
10108
10123
10128
10154
10162
10166
10279
10280
10282
10301
10302
10303
10304
10310
10314
10451
10452
10453
10454
10455
10456
10457
10458
10459
10460
10461
10462
10463
10464
10465
10466
10467
10468
10469
10470
10471
10472
10473
10474
10475
10501
10505
10509
10510
10512
10514
10516
10520
10523
10533
10536
10537
10538
10543
10545
10546
10547
10549
10550
10552
10553
10562
10566
10567
10570
10578
10579
10588
10589
10591
10594
10598
10603
10701
10703
10704
10705
10707
10708
10709
10710
10801
10803
10805
10901
10913
10918
10920
10923
10924
10927
10930
10940
10941
10950
10952
10954
10956
10960
10962
10965
10970
10976
10977
10980
10983
10984
10989
10990
10992
10994
11001
11003
11004
11005
11010
11020
11021
11023
11024
11030
11040
11042
11050
11096
11101
11102
11103
11104
11105
11106
11109
11201
11202
11203
11204
11205
11206
11207
11208
11209
11210
11211
11212
11213
11214
11215
11216
11217
11218
11219
11220
11221
11222
11223
11224
11225
11226
11228
11229
11230
11231
11232
11233
11234
11235
11236
11237
11238
11239
11249
11354
11355
11356
11357
11358
11360
11361
11362
11363
11364
11365
11366
11367
11368
11369
11370
11372
11373
11374
11375
11377
11378
11379
11385
11411
11412
11413
11414
11415
11416
11417
11418
11419
11420
11421
11422
11423
11426
11427
11428
11429
11430
11432
11433
11434
11435
11436
11501
11507
11509
11510
11514
11516
11518
11520
11530
11542
11545
11550
11552
11553
11554
11557
11558
11559
11560
11561
11563
11565
11566
11568
11569
11570
11572
11575
11576
11577
11579
11580
11581
11590
11596
11598
11691
11692
11693
11694
11697
11701
11702
11703
11704
11705
11706
11709
11710
11713
11714
11715
11716
11717
11718
11719
11720
11721
11722
11724
11725
11726
11727
11729
11730
11731
11732
11733
11735
11738
11740
11741
11742
11743
11746
11747
11749
11751
11752
11753
11754
11755
11756
11757
11758
11762
11763
11764
11766
11767
11768
11769
11771
11772
11776
11777
11778
11779
11780
11782
11783
11784
11786
11787
11788
11789
11790
11791
11792
11793
11795
11797
11798
11801
11803
11804
11901
11933
11934
11946
11949
11950
11951
11953
11961
11967
11980
12401
12411
12419
12428
12458
12466
12471
12487
12508
12524
12528
12533
12538
12540
12542
12543
12547
12549
12550
12553
12561
12563
12566
12569
12570
12577
12578
12580
12582
12586
12589
12590
12601
12603
12701
12746
12771
12777
12785
15001
15003
15005
15006
15009
15010
15012
15014
15017
15025
15030
15034
15035
15038
15042
15044
15045
15046
15055
15057
15061
15063
15064
15065
15066
15067
15068
15071
15074
15085
15089
15090
15101
15102
15104
15106
15108
15110
15112
15116
15120
15122
15129
15131
15132
15133
15135
15136
15137
15139
15140
15142
15143
15144
15145
15146
15147
15148
15201
15202
15203
15204
15205
15206
15207
15208
15209
15210
15211
15212
15213
15214
15215
15216
15217
15218
15219
15220
15221
15222
15223
15224
15225
15226
15227
15228
15229
15232
15233
15234
15235
15236
15237
15238
15239
15241
15243
15282
15301
15317
15321
15342
15363
15367
15401
15417
15419
15425
15427
15431
15433
15442
15601
15613
15623
15626
15627
15632
15634
15636
15639
15642
15644
15650
15656
15661
15665
15666
15668
15671
15672
15675
15676
15679
15691
15692
15695
15696
15697
16001
16002
16029
16037
16045
16046
16063
16066
16117
16123
16157
16201
17003
17011
17020
17022
17025
17033
17034
17036
17038
17042
17043
17046
17050
17055
17057
17064
17067
17070
17077
17078
17101
17102
17103
17104
17109
17110
17111
17112
17113
17313
17319
17327
17329
17331
17339
17349
17356
17361
17362
17363
17401
17402
17403
17407
17408
17501
17512
17517
17519
17520
17522
17538
17543
17545
17552
17554
17557
17560
17566
17569
17578
17582
17584
17601
17602
17603
17830
17864
17963
17981
18011
18014
18015
18017
18018
18020
18031
18032
18034
18035
18036
18037
18038
18040
18041
18042
18045
18049
18052
18055
18059
18062
18064
18067
18073
18076
18078
18079
18080
18085
18087
18088
18101
18102
18103
18104
18106
18109
18302
18328
18337
18458
18901
18902
18914
18917
18925
18929
18931
18936
18938
18940
18944
18951
18954
18955
18960
18964
18966
18969
18974
18976
18977
19001
19002
19003
19004
19006
19007
19008
19010
19012
19013
19014
19015
19018
19020
19021
19022
19023
19025
19026
19027
19029
19030
19031
19032
19033
19034
19035
19036
19038
19040
19041
19043
19044
19046
19047
19050
19053
19054
19055
19056
19057
19060
19061
19063
19064
19066
19067
19070
19072
19073
19074
19075
19076
19078
19079
19081
19082
19083
19085
19086
19087
19090
19094
19095
19096
19102
19103
19104
19106
19107
19109
19111
19112
19114
19115
19116
19118
19119
19120
19121
19122
19123
19124
19125
19126
19127
19128
19129
19130
19131
19132
19133
19134
19135
19136
19137
19138
19139
19140
19141
19142
19143
19144
19145
19146
19147
19148
19149
19150
19151
19152
19153
19154
19301
19311
19312
19317
19320
19333
19335
19341
19342
19343
19344
19348
19350
19352
19355
19357
19358
19363
19365
19372
19373
19374
19380
19381
19382
19390
19401
19403
19405
19406
19422
19425
19426
19428
19436
19438
19440
19444
19446
19454
19456
19457
19460
19462
19464
19465
19468
19473
19475
19477
19492
19503
19505
19508
19510
19512
19518
19520
19522
19525
19526
19530
19533
19534
19540
19560
19562
19565
19601
19602
19604
19605
19606
19607
19608
19609
19610
19611
19701
19702
19703
19707
19709
19711
19713
19720
19726
19733
19736
19801
19802
19803
19804
19805
19806
19807
19808
19809
19810
20001
20002
20003
20004
20005
20006
20007
20008
20009
20010
20011
20012
20015
20016
20017
20018
20019
20020
20024
20032
20036
20037
20052
20064
20105
20109
20110
20111
20112
20115
20120
20121
20124
20132
20135
20136
20137
20141
20143
20144
20147
20148
20151
20152
20155
20158
20164
20165
20166
20169
20170
20171
20175
20176
20180
20186
20187
20190
20191
20194
20197
20210
20603
20701
20705
20706
20707
20708
20710
20712
20715
20716
20720
20721
20722
20723
20724
20735
20737
20740
20743
20744
20745
20746
20747
20748
20759
20762
20763
20769
20770
20772
20774
20781
20782
20783
20784
20785
20794
20812
20814
20815
20816
20817
20818
20832
20842
20850
20851
20852
20853
20854
20855
20866
20868
20874
20876
20877
20878
20879
20886
20895
20901
20902
20903
20904
20905
20906
20910
20912
21001
21009
21013
21014
21015
21029
21030
21032
21036
21037
21040
21041
21042
21043
21044
21045
21046
21047
21048
21050
21053
21054
21057
21060
21061
21074
21075
21076
21077
21078
21085
21087
21090
21093
21102
21104
21108
21113
21114
21117
21120
21122
21128
21132
21133
21136
21140
21144
21146
21152
21154
21155
21160
21162
21163
21201
21202
21204
21205
21206
21207
21208
21209
21210
21211
21212
21213
21214
21215
21216
21217
21218
21219
21220
21221
21222
21223
21224
21225
21226
21227
21228
21229
21230
21231
21234
21236
21237
21239
21244
21286
21401
21403
21405
21601
21617
21620
21625
21654
21660
21673
21723
21784
21794
21797
21901
21904
21911
21915
21921
22003
22015
22025
22026
22027
22030
22031
22032
22033
22039
22041
22042
22043
22044
22046
22060
22066
22079
22101
22102
22122
22124
22125
22150
22151
22152
22153
22172
22180
22181
22182
22191
22192
22193
22201
22202
22203
22204
22205
22206
22207
22209
22213
22301
22302
22303
22304
22305
22306
22307
22308
22309
22310
22311
22312
22314
22315
22401
22405
22406
22407
22485
22508
22546
22553
22554
22556
22712
22714
22728
22734
23005
23047
23059
23060
23075
23111
23112
23113
23114
23116
23120
23139
23150
23173
23219
23220
23221
23222
23223
23224
23225
23226
23227
23228
23229
23230
23231
23233
23234
23235
23236
23237
23238
23294
23320
23321
23322
23323
23324
23325
23430
23432
23433
23434
23435
23436
23437
23450
23452
23453
23454
23455
23456
23457
23462
23464
23502
23503
23504
23505
23507
23508
23509
23510
23513
23517
23518
23523
23601
23602
23603
23605
23606
23607
23608
23651
23661
23662
23663
23664
23665
23666
23669
23670
23690
23692
23693
23696
23701
23702
23703
23704
23707
23803
23804
23805
23831
23832
23834
23836
23838
23860
27501
27502
27504
27510
27511
27513
27514
27516
27517
27518
27519
27520
27522
27523
27525
27526
27527
27529
27536
27537
27539
27540
27545
27546
27549
27560
27565
27571
27573
27574
27577
27587
27591
27592
27596
27597
27601
27603
27604
27605
27606
27607
27608
27609
27610
27612
27613
27614
27615
27616
27617
27701
27703
27704
27705
27707
27709
27710
27712
27713
28012
28021
28023
28025
28027
28031
28032
28033
28034
28036
28037
28052
28054
28056
28075
28078
28079
28081
28083
28086
28088
28092
28093
28098
28101
28104
28105
28107
28110
28112
28115
28117
28120
28125
28134
28150
28152
28164
28173
28202
28203
28204
28205
28206
28207
28208
28209
28210
28211
28212
28213
28214
28215
28216
28217
28226
28227
28262
28269
28270
28273
28277
28278
29706
29707
29708
29710
29712
29715
29716
29717
29720
29726
29729
29730
29732
29743
29745
30002
30004
30005
30008
30009
30011
30013
30014
30016
30017
30019
30021
30022
30024
30025
30028
30030
30032
30033
30034
30035
30036
30038
30039
30040
30041
30043
30044
30045
30046
30047
30052
30054
30055
30056
30058
30060
30061
30062
30064
30066
30067
30068
30071
30075
30076
30078
30079
30080
30082
30083
30084
30087
30088
30092
30093
30094
30096
30097
30101
30102
30106
30107
30114
30115
30116
30117
30122
30126
30127
30132
30134
30135
30137
30141
30144
30152
30157
30168
30179
30180
30187
30188
30189
30213
30214
30215
30216
30223
30224
30228
30233
30236
30238
30248
30252
30253
30260
30263
30265
30268
30269
30273
30274
30276
30277
30281
30288
30290
30291
30294
30296
30297
30305
30306
30307
30308
30309
30310
30311
30312
30313
30314
30315
30316
30317
30318
30319
30324
30326
30327
30328
30329
30331
30336
30337
30338
30339
30340
30341
30342
30344
30345
30346
30349
30350
30354
30360
30501
30504
30506
30507
30515
30517
30518
30519
30534
30542
30548
30549
30566
30606
30620
30621
30622
30655
30680
31548
31558
32003
32004
32009
32011
32043
32065
32068
32073
32080
32081
32082
32084
32085
32086
32092
32095
32097
32202
32204
32205
32206
32207
32208
32209
32210
32211
32214
32216
32217
32218
32219
32220
32221
32222
32223
32224
32225
32226
32227
32233
32234
32244
32246
32250
32254
32256
32257
32258
32259
32266
32277
32701
32703
32707
32708
32712
32714
32726
32730
32732
32735
32736
32746
32750
32751
32757
32765
32766
32771
32773
32776
32778
32779
32780
32789
32792
32796
32801
32803
32804
32805
32806
32807
32808
32809
32810
32811
32812
32814
32817
32818
32819
32820
32821
32822
32824
32825
32826
32827
32828
32829
32830
32831
32832
32833
32835
32836
32837
32839
32922
32926
32927
32952
32953
33004
33009
33010
33012
33013
33014
33015
33016
33018
33019
33020
33021
33022
33023
33024
33025
33026
33027
33028
33029
33030
33031
33032
33033
33034
33035
33054
33055
33056
33060
33062
33063
33064
33065
33066
33067
33068
33069
33071
33073
33076
33125
33126
33128
33129
33130
33131
33132
33133
33134
33135
33136
33138
33139
33140
33141
33142
33143
33144
33145
33146
33147
33149
33150
33154
33155
33157
33158
33160
33161
33162
33165
33166
33167
33168
33169
33170
33172
33173
33174
33175
33176
33177
33178
33179
33180
33181
33182
33183
33184
33185
33186
33187
33189
33190
33192
33193
33195
33196
33301
33304
33305
33306
33308
33309
33311
33313
33314
33315
33316
33317
33319
33321
33322
33323
33324
33325
33326
33327
33328
33330
33331
33332
33334
33351
33401
33403
33404
33405
33406
33407
33408
33409
33410
33411
33412
33413
33414
33415
33417
33418
33426
33428
33430
33431
33432
33433
33434
33435
33436
33437
33441
33442
33444
33445
33446
33449
33460
33461
33462
33463
33467
33470
33472
33473
33483
33484
33486
33487
33496
33498
33510
33511
33523
33525
33527
33534
33540
33541
33542
33543
33544
33545
33547
33548
33549
33556
33558
33559
33563
33565
33566
33567
33569
33570
33572
33573
33576
33578
33579
33584
33592
33594
33596
33598
33602
33603
33604
33605
33606
33607
33609
33610
33611
33612
33613
33614
33615
33616
33617
33618
33619
33621
33624
33625
33626
33629
33634
33635
33637
33647
33680
33701
33702
33703
33704
33705
33706
33707
33708
33709
33710
33711
33712
33713
33714
33715
33716
33755
33756
33759
33760
33761
33762
33763
33764
33765
33767
33770
33771
33772
33773
33774
33776
33777
33778
33781
33782
33785
33786
33801
33803
33805
33809
33810
33811
33812
33813
33815
33823
33830
33837
33838
33839
33844
33850
33860
33880
33881
33884
33896
33897
34201
34202
34203
34205
34207
34208
34209
34210
34211
34212
34219
34220
34221
34222
34601
34602
34610
34637
34638
34639
34652
34653
34654
34655
34667
34668
34669
34677
34683
34684
34685
34688
34689
34690
34691
34695
34698
34711
34714
34715
34734
34736
34741
34743
34744
34746
34747
34753
34756
34758
34759
34761
34769
34771
34772
34773
34786
34787
37013
37014
37015
37027
37035
37046
37048
37062
37064
37066
37067
37069
37072
37073
37075
37076
37086
37090
37115
37122
37127
37128
37129
37130
37135
37138
37160
37167
37172
37174
37179
37188
37189
37203
37204
37205
37206
37207
37208
37209
37210
37211
37212
37214
37215
37216
37217
37218
37219
37220
37221
37228
37355
40203
40204
40205
40206
40207
40208
40210
40211
40212
40213
40214
40215
40216
40217
40218
40219
40220
40222
40223
40228
40229
40241
40242
40243
40245
40258
40272
40291
40299
41011
41014
41015
41016
41018
41042
41071
41073
41074
41075
41076
43004
43016
43017
43026
43035
43054
43062
43065
43068
43081
43082
43085
43119
43123
43147
43201
43202
43203
43204
43205
43206
43207
43209
43211
43212
43213
43214
43215
43219
43220
43221
43222
43223
43224
43227
43228
43229
43230
43231
43232
43235
43240
44011
44017
44022
44023
44024
44028
44039
44044
44056
44060
44064
44067
44070
44077
44092
44094
44095
44102
44103
44104
44105
44106
44107
44108
44109
44111
44112
44113
44114
44115
44116
44117
44118
44120
44121
44122
44123
44124
44125
44126
44127
44128
44129
44130
44131
44132
44133
44134
44135
44136
44137
44138
44139
44141
44142
44143
44144
44145
44146
44147
44149
44202
44203
44212
44215
44221
44223
44224
44233
44236
44240
44241
44253
44256
44260
44262
44264
44266
44278
44280
44281
44286
44301
44302
44303
44304
44305
44306
44307
44308
44309
44310
44311
44312
44313
44314
44319
44320
44321
44333
44632
44685
44720
44721
45001
45005
45011
45013
45014
45015
45034
45036
45039
45040
45042
45044
45050
45065
45066
45067
45069
45103
45122
45140
45150
45174
45176
45202
45204
45205
45206
45207
45208
45209
45211
45212
45213
45214
45215
45216
45217
45218
45219
45220
45221
45223
45224
45225
45226
45227
45229
45230
45231
45232
45233
45236
45237
45238
45239
45240
45241
45242
45243
45244
45245
45246
45247
45248
45249
45251
45252
45255
45267
45301
45305
45342
45377
45385
45402
45403
45404
45405
45406
45409
45410
45414
45415
45416
45417
45419
45420
45424
45426
45428
45429
45430
45431
45432
45434
45439
45440
45449
45458
45459
45469
46032
46033
46037
46038
46055
46060
46062
46074
46077
46107
46112
46113
46123
46131
46140
46142
46143
46158
46163
46168
46184
46201
46202
46203
46204
46205
46208
46214
46216
46217
46218
46219
46220
46221
46222
46224
46225
46226
46227
46228
46229
46231
46234
46235
46236
46237
46239
46240
46241
46250
46254
46256
46259
46260
46268
46278
46280
46312
46320
46327
46394
47012
47016
47374
48001
48009
48015
48017
48021
48025
48026
48030
48033
48034
48035
48036
48038
48040
48042
48043
48044
48045
48046
48047
48048
48050
48051
48062
48063
48064
48065
48066
48067
48069
48070
48071
48072
48073
48074
48075
48076
48080
48081
48082
48083
48084
48085
48088
48089
48091
48092
48093
48094
48095
48096
48098
48101
48103
48104
48105
48108
48111
48114
48116
48120
48122
48124
48125
48126
48127
48128
48130
48134
48135
48138
48141
48146
48150
48152
48154
48160
48161
48162
48164
48165
48166
48167
48168
48169
48170
48173
48174
48176
48178
48180
48183
48184
48185
48186
48187
48188
48189
48191
48192
48193
48195
48197
48198
48201
48202
48203
48204
48205
48206
48207
48208
48209
48210
48211
48212
48213
48214
48215
48216
48217
48218
48219
48220
48221
48223
48224
48225
48226
48227
48228
48229
48230
48234
48235
48236
48237
48238
48239
48240
48301
48302
48304
48306
48307
48309
48310
48312
48313
48314
48315
48316
48317
48320
48321
48322
48323
48324
48326
48327
48328
48329
48331
48334
48335
48336
48340
48341
48342
48346
48348
48350
48356
48357
48359
48360
48362
48363
48367
48370
48371
48374
48375
48376
48377
48380
48381
48382
48383
48386
48390
48393
48428
48430
48439
48442
48444
48446
48451
48462
48502
48503
48507
48509
48519
48529
48843
48855
49301
49306
49315
49316
49321
49401
49418
49426
49428
49435
49464
49503
49504
49505
49506
49507
49508
49509
49512
49519
49525
49534
49544
49546
49548
53005
53007
53012
53017
53018
53022
53024
53029
53033
53037
53045
53046
53051
53058
53072
53076
53086
53089
53092
53097
53103
53104
53108
53110
53122
53126
53129
53130
53132
53140
53142
53143
53144
53146
53149
53150
53151
53153
53154
53158
53167
53170
53172
53177
53179
53182
53183
53185
53186
53188
53189
53202
53203
53204
53205
53206
53207
53208
53209
53210
53211
53212
53213
53214
53215
53216
53217
53218
53219
53220
53221
53222
53223
53224
53225
53226
53227
53228
53233
53235
53402
53403
53404
53405
53406
53527
53532
53558
53562
53575
53590
53593
53597
53703
53704
53705
53711
53713
53714
53715
53716
53717
53718
53719
53726
54016
54017
54022
54025
54082
55003
55008
55009
55011
55014
55016
55024
55025
55031
55033
55038
55040
55042
55044
55055
55056
55057
55065
55068
55070
55071
55075
55076
55077
55082
55089
55101
55102
55103
55104
55105
55106
55107
55108
55109
55110
55111
55112
55113
55114
55115
55116
55117
55118
55119
55120
55121
55122
55123
55124
55125
55126
55127
55128
55129
55130
55301
55303
55304
55305
55306
55309
55311
55313
55316
55317
55318
55327
55330
55331
55337
55343
55344
55345
55346
55347
55352
55362
55364
55369
55371
55372
55374
55376
55378
55379
55384
55386
55387
55391
55398
55401
55402
55403
55404
55405
55406
55407
55408
55409
55410
55411
55412
55413
55414
55415
55416
55417
55418
55419
55420
55421
55422
55423
55424
55425
55426
55427
55428
55429
55430
55431
55432
55433
55434
55435
55436
55437
55438
55439
55441
55442
55443
55444
55445
55446
55447
55448
55449
55454
60002
60004
60005
60007
60008
60010
60012
60013
60014
60015
60016
60018
60020
60021
60022
60025
60026
60030
60031
60035
60040
60041
60042
60044
60045
60046
60047
60048
60050
60051
60053
60056
60060
60061
60062
60064
60067
60068
60069
60070
60073
60074
60076
60077
60083
60084
60085
60087
60088
60089
60090
60091
60093
60096
60098
60099
60101
60102
60103
60104
60106
60107
60108
60110
60112
60118
60119
60120
60121
60123
60124
60126
60130
60131
60133
60134
60136
60137
60139
60140
60142
60143
60148
60151
60153
60154
60155
60156
60157
60160
60162
60163
60164
60165
60169
60171
60172
60173
60174
60175
60176
60177
60178
60181
60185
60187
60188
60189
60190
60191
60192
60193
60194
60195
60201
60202
60203
60301
60302
60304
60305
60402
60403
60404
60406
60409
60411
60415
60417
60418
60419
60422
60423
60425
60426
60428
60429
60430
60431
60432
60433
60435
60436
60438
60439
60440
60441
60443
60445
60446
60448
60449
60451
60452
60453
60455
60456
60457
60458
60459
60461
60462
60463
60464
60465
60466
60467
60469
60471
60473
60475
60476
60477
60478
60480
60482
60484
60487
60490
60491
60501
60502
60503
60504
60505
60506
60510
60512
60513
60514
60515
60516
60517
60521
60523
60525
60526
60527
60532
60534
60538
60540
60542
60543
60544
60546
60554
60555
60558
60559
60560
60561
60563
60564
60565
60585
60586
60601
60602
60603
60604
60605
60606
60607
60608
60609
60610
60611
60612
60613
60614
60615
60616
60617
60618
60619
60620
60621
60622
60623
60624
60625
60626
60628
60629
60630
60631
60632
60633
60634
60636
60637
60638
60639
60640
60641
60642
60643
60644
60645
60646
60647
60649
60651
60652
60653
60654
60655
60656
60657
60659
60660
60661
60706
60707
60712
60714
60803
60804
60805
62002
62010
62018
62024
62025
62034
62035
62040
62048
62061
62062
62067
62095
62201
62203
62204
62205
62206
62207
62208
62220
62221
62223
62226
62232
62234
62236
62239
62240
62249
62254
62269
62281
62294
63005
63010
63011
63012
63016
63017
63020
63021
63023
63025
63026
63028
63031
63033
63034
63038
63040
63042
63043
63044
63049
63050
63051
63052
63069
63070
63074
63088
63101
63102
63103
63104
63105
63106
63107
63108
63109
63110
63111
63112
63113
63114
63115
63116
63117
63118
63119
63120
63121
63122
63123
63124
63125
63126
63127
63128
63129
63130
63131
63132
63133
63134
63135
63136
63137
63138
63139
63141
63143
63144
63146
63147
63301
63303
63304
63348
63366
63367
63368
63376
63385
75001
75002
75006
75007
75009
75010
75013
75019
75022
75023
75024
75025
75028
75032
75033
75034
75035
75036
75038
75039
75040
75041
75042
75043
75044
75046
75048
75050
75051
75052
75054
75056
75057
75060
75061
75062
75063
75065
75067
75068
75069
75070
75071
75072
75074
75075
75077
75078
75080
75081
75082
75087
75088
75089
75093
75094
75098
75104
75115
75116
75119
75126
75134
75137
75142
75146
75149
75150
75154
75159
75160
75161
75165
75167
75180
75181
75182
75189
75201
75202
75203
75204
75205
75206
75207
75208
75209
75210
75211
75212
75214
75215
75216
75217
75218
75219
75220
75223
75224
75225
75226
75227
75228
75229
75230
75231
75232
75233
75234
75235
75236
75237
75238
75240
75241
75243
75244
75246
75247
75248
75249
75251
75252
75253
75254
75261
75287
75407
75409
75454
75474
76001
76002
76005
76006
76008
76009
76010
76011
76012
76013
76014
76015
76016
76017
76018
76020
76021
76022
76028
76034
76036
76039
76040
76051
76052
76053
76054
76058
76060
76063
76065
76085
76092
76096
76101
76102
76103
76104
76105
76106
76107
76108
76109
76110
76111
76112
76114
76115
76116
76117
76118
76119
76120
76123
76126
76129
76131
76132
76133
76134
76135
76137
76140
76148
76155
76161
76164
76177
76179
76180
76182
76201
76203
76205
76207
76208
76209
76210
76226
76227
76234
76244
76247
76248
76262
76266
76541
76542
76543
76548
76549
76574
77002
77003
77004
77005
77006
77007
77008
77009
77011
77012
77013
77014
77015
77016
77017
77018
77019
77020
77021
77022
77023
77024
77025
77026
77027
77028
77029
77030
77031
77032
77033
77034
77035
77036
77037
77038
77039
77040
77041
77042
77043
77044
77045
77046
77047
77048
77049
77050
77051
77053
77054
77055
77056
77057
77058
77059
77060
77061
77062
77063
77064
77065
77066
77067
77068
77069
77070
77071
77072
77073
77074
77075
77076
77077
77078
77079
77080
77081
77082
77083
77084
77085
77086
77087
77088
77089
77090
77091
77092
77093
77094
77095
77096
77098
77099
77301
77302
77303
77304
77305
77306
77336
77338
77339
77345
77346
77347
77354
77355
77357
77365
77373
77375
77377
77379
77380
77381
77382
77384
77385
77386
77388
77389
77396
77401
77406
77407
77410
77423
77429
77433
77441
77447
77448
77449
77450
77459
77469
77471
77477
77478
77479
77480
77484
77489
77493
77494
77498
77502
77503
77504
77505
77506
77507
77510
77511
77515
77517
77520
77521
77530
77531
77532
77536
77539
77545
77546
77562
77563
77565
77566
77568
77571
77573
77578
77581
77583
77584
77586
77587
77590
77591
77598
78004
78006
78015
78023
78070
78101
78108
78109
78114
78121
78123
78130
78132
78133
78148
78154
78163
78201
78202
78203
78204
78205
78207
78208
78209
78210
78211
78212
78213
78214
78215
78216
78217
78218
78219
78220
78221
78222
78223
78224
78225
78226
78227
78228
78229
78230
78231
78232
78233
78237
78238
78239
78240
78242
78244
78245
78247
78248
78249
78250
78251
78252
78253
78254
78255
78256
78257
78258
78259
78260
78261
78263
78264
78266
78602
78610
78612
78613
78617
78620
78621
78626
78628
78633
78634
78640
78641
78642
78644
78652
78653
78654
78660
78664
78665
78669
78676
78681
78701
78702
78703
78704
78705
78711
78717
78721
78722
78723
78724
78725
78726
78727
78728
78729
78730
78731
78732
78733
78734
78735
78736
78737
78738
78739
78741
78744
78745
78746
78747
78748
78749
78750
78751
78752
78753
78754
78756
78757
78758
78759
85001
85003
85004
85006
85007
85008
85009
85012
85013
85014
85015
85016
85017
85018
85019
85020
85021
85022
85023
85024
85027
85028
85029
85031
85032
85033
85035
85037
85040
85041
85042
85043
85044
85045
85048
85050
85051
85053
85054
85083
85085
85086
85119
85120
85140
85142
85143
85144
85201
85202
85203
85204
85205
85206
85207
85208
85209
85210
85211
85212
85213
85215
85224
85225
85226
85233
85234
85248
85249
85250
85251
85253
85254
85255
85256
85257
85258
85259
85260
85262
85266
85268
85281
85282
85283
85284
85286
85288
85295
85296
85297
85298
85301
85302
85303
85304
85305
85306
85307
85308
85310
85323
85326
85329
85331
85335
85338
85339
85340
85345
85351
85353
85355
85363
85373
85374
85375
85378
85379
85381
85382
85383
85387
85388
85392
85395
85396
89002
89011
89012
89014
89015
89030
89031
89032
89044
89052
89074
89081
89084
89085
89086
89101
89102
89103
89104
89106
89107
89108
89109
89110
89113
89115
89117
89118
89119
89120
89121
89122
89123
89128
89129
89130
89131
89134
89135
89138
89139
89141
89142
89143
89144
89145
89146
89147
89148
89149
89156
89169
89178
89183
90001
90002
90003
90004
90005
90006
90007
90008
90010
90011
90012
90013
90014
90015
90016
90017
90018
90019
90020
90021
90022
90023
90024
90025
90026
90027
90028
90029
90030
90031
90032
90033
90034
90035
90036
90037
90038
90039
90041
90042
90043
90044
90045
90046
90047
90048
90049
90056
90057
90058
90059
90061
90062
90063
90064
90065
90066
90067
90068
90069
90073
90075
90077
90078
90089
90094
90201
90209
90210
90211
90212
90220
90221
90222
90224
90230
90232
90240
90241
90242
90245
90247
90248
90249
90250
90254
90255
90260
90262
90266
90270
90274
90275
90277
90278
90280
90291
90292
90296
90301
90302
90303
90304
90305
90308
90401
90402
90403
90404
90405
90406
90408
90501
90502
90503
90504
90505
90510
90601
90602
90603
90604
90605
90606
90607
90620
90621
90622
90623
90630
90631
90637
90638
90639
90640
90650
90660
90670
90680
90701
90703
90706
90707
90710
90712
90713
90715
90716
90717
90720
90721
90723
90731
90732
90734
90744
90745
90746
90748
90749
90755
90801
90802
90804
90805
90806
90807
90808
90810
90813
90814
90815
90853
90895
91001
91006
91007
91008
91009
91010
91011
91016
91017
91020
91024
91030
91031
91042
91043
91101
91103
91104
91105
91106
91107
91108
91109
91118
91125
91201
91202
91203
91204
91205
91206
91207
91208
91214
91221
91222
91303
91304
91306
91307
91308
91309
91311
91316
91320
91321
91324
91325
91326
91331
91335
91340
91341
91342
91343
91344
91345
91350
91351
91352
91354
91355
91356
91359
91360
91362
91364
91365
91367
91376
91377
91381
91387
91392
91395
91396
91401
91402
91403
91405
91406
91409
91411
91412
91413
91423
91426
91436
91470
91501
91502
91504
91505
91506
91601
91602
91604
91605
91606
91607
91615
91617
91701
91702
91706
91708
91709
91710
91711
91722
91723
91724
91729
91730
91731
91732
91733
91734
91737
91739
91740
91741
91744
91745
91746
91747
91748
91750
91752
91754
91755
91761
91762
91763
91764
91765
91766
91767
91768
91770
91771
91773
91775
91776
91780
91784
91785
91786
91789
91790
91791
91792
91793
91801
91802
91803
91902
91910
91911
91913
91914
91915
91932
91941
91942
91944
91945
91946
91950
91977
91978
92007
92008
92009
92010
92011
92014
92019
92020
92021
92024
92025
92026
92027
92029
92037
92038
92054
92056
92057
92064
92067
92069
92071
92074
92075
92078
92079
92081
92083
92084
92085
92091
92092
92101
92102
92103
92104
92105
92106
92107
92108
92109
92110
92111
92112
92113
92114
92115
92116
92117
92118
92119
92120
92121
92122
92123
92124
92126
92127
92128
92129
92130
92131
92136
92139
92143
92150
92153
92154
92165
92169
92173
92176
92193
92195
92220
92223
92313
92316
92318
92320
92324
92335
92336
92337
92346
92354
92373
92374
92376
92377
92399
92401
92404
92405
92407
92408
92410
92411
92415
92427
92501
92502
92503
92504
92505
92506
92507
92508
92509
92513
92514
92517
92530
92531
92532
92543
92544
92545
92548
92551
92553
92554
92555
92557
92562
92563
92564
92570
92571
92582
92583
92584
92585
92586
92587
92589
92590
92591
92592
92595
92596
92602
92603
92604
92606
92609
92610
92612
92614
92615
92617
92618
92619
92620
92623
92624
92625
92626
92627
92628
92629
92630
92637
92646
92647
92648
92649
92653
92654
92655
92656
92658
92660
92661
92662
92673
92675
92677
92679
92683
92685
92688
92691
92692
92693
92694
92701
92703
92704
92705
92706
92707
92708
92711
92728
92780
92781
92782
92801
92802
92803
92804
92805
92806
92807
92808
92812
92814
92815
92816
92817
92821
92822
92823
92831
92832
92833
92834
92835
92838
92840
92841
92842
92843
92844
92845
92860
92861
92863
92865
92866
92867
92868
92869
92870
92871
92877
92878
92879
92880
92881
92882
92883
92885
92886
92887
93021
93063
93064
93065
94002
94005
94010
94014
94015
94018
94019
94022
94024
94025
94027
94028
94030
94037
94038
94040
94041
94043
94044
94060
94061
94062
94063
94065
94066
94070
94074
94080
94083
94085
94086
94087
94089
94102
94103
94104
94105
94107
94108
94109
94110
94111
94112
94114
94115
94116
94117
94118
94121
94122
94123
94124
94127
94129
94130
94131
94132
94133
94134
94158
94159
94301
94302
94303
94304
94305
94306
94401
94402
94403
94404
94501
94502
94505
94506
94507
94509
94510
94511
94513
94514
94517
94518
94519
94520
94521
94523
94525
94526
94528
94530
94531
94546
94547
94549
94550
94551
94552
94553
94556
94561
94563
94564
94565
94566
94568
94571
94572
94575
94577
94578
94579
94580
94582
94583
94586
94588
94589
94590
94591
94595
94596
94597
94598
94601
94602
94603
94605
94606
94607
94608
94609
94610
94611
94612
94618
94619
94621
94702
94703
94704
94705
94706
94707
94708
94709
94710
94720
94801
94803
94804
94805
94806
94808
94901
94903
94904
94920
94925
94939
94941
94957
94964
94965
95002
95003
95005
95006
95007
95008
95010
95013
95014
95018
95030
95032
95033
95035
95037
95038
95046
95050
95051
95054
95055
95060
95062
95065
95066
95070
95073
95110
95111
95112
95113
95116
95117
95118
95120
95121
95122
95123
95124
95125
95126
95127
95128
95129
95130
95131
95132
95133
95134
95136
95138
95140
95141
95148
95150
95153
95202
95203
95204
95205
95206
95207
95209
95210
95212
95215
95219
95220
95225
95227
95231
95236
95237
95240
95241
95242
95252
95253
95254
95258
95304
95307
95313
95316
95320
95323
95324
95326
95328
95330
95336
95337
95350
95351
95354
95355
95356
95357
95358
95361
95363
95366
95367
95368
95376
95377
95380
95381
95382
95386
95391
95605
95608
95610
95612
95615
95616
95618
95619
95620
95621
95623
95624
95625
95626
95628
95630
95632
95638
95640
95641
95642
95645
95648
95650
95652
95653
95655
95660
95661
95662
95667
95669
95670
95672
95673
95674
95677
95678
95681
95682
95683
95685
95686
95687
95688
95690
95691
95692
95693
95694
95695
95742
95746
95747
95757
95758
95762
95765
95776
95811
95814
95815
95816
95817
95818
95819
95820
95821
95822
95823
95824
95825
95826
95827
95828
95829
95831
95832
95833
95834
95835
95837
95838
95841
95842
95843
95864
95901
95961
95991
95993

"Applied filters:
3DigitOrigin is 841
PercentDay4 is greater than or equal to 0.99
Product is ACI_Direct_RegionalParcelDelivery"
